3931259524825208480
17586170327673985107
16549392909214617039
16600030112686374840
18243663772244680221
14346028388184292568
12591817967810473846
1399100152457007964
6994425799403880540
188511313250136913
5817946437436750841
15233425219264781719
1546037737580366060
10751083242031347688
8194000801013446030
13086811690934683917
16771544247811716998
8949140823891874780
7088753849221299311
6806527845890018708
14360837462109243146
9516908568907908200
4292323158126237096
16618318780919170082
14367353911789027293
10453730754670246883
5046050342452366527
1874973783428365985
14647961876608797248
6497000388005182048
4468637125886888958
12653018740232459343
15310745579278979113
10132227162260377704
6744180921297435128
14349925848961644568
4450859862843444983
4003627698700361750
16858730892268221928
17640095372428903285
2790118882117138342
11965356042317643307
10893342488635634627
13175875079697629817
13569122630766213168
3757643965356020318
13142329834846149179
8075622096239251118
6580916470112759090
1719149835462360994
11023194281571109292
7901400730878101960
1629144232957906658
3350009155182964908
8081561720478049745
4980737807072751648
4720709021706748945
14615213144059428409
18374289151335220823
2559836728120024212
8827602275714557993
14987220113604537944
17012769515805994488
14276618274261907539
3333779348208278316
5063106127934896585
13997879089738267447
17839950895942671343
11273037972832655695
421770116754971947
13470602399005147622
3019643110502582947
8224865511505840015
5211279779020333925
4544973478510297992
6073513053497701864
8011060598856834996
5105828389666170581
4108800527151402948
4010715062181405893
7114691954884403451
15778265892944398701
14988183272144949315
5430001519685141976
1619363315736115135
18124993294969521674
9274381415676753440
13183245142198524574
4578895144628569969
735024977650923046
2239872319269837244
9576905272801710698
8493008647283094267
3324342729133966588
17515391329925642374
8529669780873882757
4332765098694026613
6019742705245455828
9457447004741702067
5630769816262734747
13690474092806038275
9580551882702442012
7619627032974931180
8974948343635727569
17854772629902749813
6706015439763225431
4581282727312906520
8318710448695657711
4324221204920399228
10593894246063753448
6896789675138576539
9293416419728665282
7801721441110515952
6745537010658403097
15125462500865395221
14294424066384994777
10243691205513739804
14204207391224053686
670045153375161196
14870416441722624918
2481884434097323976
14950658954048633720
16475684787946386942
12758476555790140737
2398141869796864386
17267131368474301668
13844521210080632715
13183256844339354495
13573104634188504530
16703394840781444759
2426876557076248515
5869039732894740775
2404047865930452878
14120004341988493286
15022918376902924144
11202280787359269578
15960736579804934628
640122645414745044
14608747341930359983
14235040707221351938
809017299522255568
3323213475396525094
11744136191775830980
6225296481468229178
9678958217462196926
8293049444923803622
7134211908810690512
5072172653351750788
1295953370032062696
11799437176799563739
17630175429254544377
987868187480427002
7816302995471952630
1458847821137726498
17755398715639822096
9682467834909201128
2485913034493183758
785670294457863571
2869885137731795102
3668496288294090999
3696833185997430515
14578264023668294860
1959206783633679988
10745140116358146057
10500087897802695980
13561692784860364892
15124963719343335462
5322240069884054128
269956371994587401
9292575291064606870
6149237024734659943
6715974066902341148
2526591581511664378
1602007901185871793
8610887249333227263
15143126964274925661
12519266549059987405
6087332447025873431
236281570779245266
10880189240437035456
16054516838471697071
11504130105705421873
16125062457802397178
255717505371273231
18428728806664284330
6351309108326722988
7079272283073506390
2948930830564621352
5705008423777316440
3786888095078772700
2095137512753554604
9570528496414707514
17125428528901049270
11406979264532860681
1586850060225427728
14932627562924382259
7491076660185947542
530998006710177297
15069147036447246020
5859730963441332893
5855932842629774777
17171260866309977907
13052979433453740606
9557456828785565987
9705920388937237933
1594387166931291693
17820994113929821099
4650051660791697218
14085782589075025752
12118091147206928103
18405820658435323135
8926415046477636767
14641130740959742328
297809124098078661
14767477446285622246
8870224091590098170
12507401863521922782
7959364170152921171
11223831566577900266
13100242788542802455
12020247237577053712
9694250517714851194
16417114328498773004
12435729763044371418
521186824208927906
2126071642955538188
17789478936745555740
10409271790588945358
11547707253421019498
11292480832414695344
3476026162080093531
1577624953562827391
14140776546732898373
470935775277786728
17210027103804858568
4134148003536907691
14828097395357182134
8948758851407378084
5454473480389593574
9673993800197577551
2185903423041041942
3324517325455849061
13020016832384509767
7959212041481760293
5762367085733296501
74528851529569011
12640427596945589220
11670269093170759211
2799346546459136741
8648334549084124695
4509509062939035106
7055437202815527020
7230695093839495156
12851752578214320915
4718473323596210096
12524489280997952101
15665573004398556161
5635581739602140439
934776867644723959
9103859718758365202
96703036343212921
12053028174999278900
8965208962409210112
12365174859500039260
386084089513987627
14630665331882292363
17604935699188270464
5915513504966936159
4653099240037924126
3288554149268576961
7613804800895387553
3218263245631040944
14540829624913945047
17883051715751663531
1402966708905318030
13420838489247394032
7705509219962999710
1789623635203573642
2267434765331048973
12172190436544447120
2999331004366462049
9987655822032396951
15534125760357697206
11919858980947352488
4771649316899538843
16613633332803326888
9958087574547920414
12246296755718311443
2912799984082967508
15494175932382009122
1098976730186152186
12866756075565146473
6140903631467035346
17653078600397889619
3971296923181987969
6878572377965415411
16055786913817105998
7322921206472497121
6987106310481800477
6550141505092523266
6041960800276124977
15287902537867992975
15102217326274767360
13576103531102294031
6022055973401672058
582849215279544750
1620260475785789712
13697787975943503955
7427406694955342919
16316610854196262725
5714758081510422673
14292795920432096287
1393116268913108276
12326426075476938472
8553164913575414994
15894073769387389517
5897429654154463875
2971387326164702084
6180531974374237249
1520081174707769558
8997911824970715489
16060350654452449794
16033160945293678364
14273347937161716936
8626715380523698927
5692700742424828885
16944095047623781193
8114035494400611458
12696736579764015562
6815419700780311084
3766277479604043046
9115288478158996312
5638138102010132957
1008860089401992829
17341186528755702130
15457646410452334789
11694542331113297292
5662847596650750546
6877314872399047010
17005032115602568602
9227760457864671160
15359742451509295780
3676588371486979464
15690444008887026794
8845008349245359291
8145160259820376910
8680339248639901575
18254013608511563714
13875808302829119776
8734265937469981482
18106143309491507402
1565002685484629452
12687815618321122534
18187421049871439036
10625550330309004226
18036152233915866758
4905569850140683220
1322870517423253405
15267037781337340024
8794604215113896126
13145237258300209752
6063871472569553166
9618775929645067411
17521346133340032693
6082766468774834510
17666956514755267590
4087833844721045615
10794071000954492994
53625633597712743
17744457374698886552
12686795280906533136
3239040513040742765
14640685695828215765
6544837823519187778
2787838301656368524
16867839746986889613
16746613408894550154
8096651444742436762
1787115113499214978
11915258733771299871
5726850361022946574
15279632268247187668
17462318375181056210
4035961192150686422
18198091571325305612
16020971638457942593
15490367179419503253
16987459740691846167
7611637499800914116
672744331361023663
16951009710146849260
13922522424369836362
11778348681501785974
16141545113871856957
15903731174998616440
5043035367308002079
12605911404517767496
4897254930946169977
8272884549514956519
16279983272468215929
14764498382903042045
6135375332768943054
8851596352421354872
10280877141924447205
17174879425010203997
9994207270271350701
9227994336375203313
3749805298042608687
16183799227120784449
16803020235251164664
1016859094068332869
12603600106542409931
16291916125122919036
7298533341679367744
1993491460355848155
13996240915366951640
15822011247300047435
12180376320085308861
10715071300002992352
12152972841297446984
11029184268112350829
7024943267370636348
4486216201906499911
7848172547175181706
17798482183664929547
16305509086578148522
13875574175257896287
1497740573696053208
13905744940857012295
13318519915424015345
11055103068003623598
18166044647969851691
15833788551096074620
6394231854895690179
17616845772899120048
17858375967376598109
11837122336415930664
14933574941010243995
9626346346557205015
12110357221307213046
17374764487931153968
2759956633187060250
6907124644937706696
10865341501650470097
7876356416008046185
9963785886478034198
3301786610595762772
10674731955690081641
14694696039502367381
15844460582424747371
5713920610497115275
1069754972738814033
17645178500229512173
11005916279557385654
10917991099609974840
15189189738883007122
17068815841093171261
506350225556827105
11150558026883398662
2060589786776642452
5313257296579111141
7627066425260987136
2696992844259346302
7102812267269589074
14141014168425253191
13181468366189486057
15154640799644530815
7933767042714001989
16515871319075460923
629079173520180739
9480602217557656463
9627137275078350320
10180041854310418392
15869158992576781616
11785386089022207336
11857709190395182884
17232434351793817260
17498484037974650173
5150470537455958852
2219667052786228943
5240164674239956369
12007439651933998861
6097077084954324047
4937773215444956968
7020939748129221030
161284780832074743
13305931979918006906
17188384492953264445
16434411415140257689
3348291125748029606
8963784960754321832
8385030664720632117
17626684754704570091
10339547013399214192
18059366158790392211
11403548408739482774
11364308627493824157
5207394599012236285
10259718796464114804
10742424672059655445
8826916162007285805
14136583763119562046
17051541105008787236
2936613079110434686
6156813323010987417
14651091876054508550
17831744920869045086
10186120083364642632
4907377359984828650
11442173243450867336
2489352742130972220
4126259498408792722
11315316470952670174
17047363455526997489
10216168955747712860
335941195045052806
17325830161276907141
15565504059807616355
16224947016990617910
975465888255714334
13003068219600416786
5632944090738611428
15568613352120749123
7023756555513602604
5925533480344823790
3194544600716018210
13550453640166273236
6424822350217999316
14000125306675684517
6019439297481000639
4673449483534455849
10896403520998361444
13513943447633927927
1119914087679735509
3484777675225960781
13138048701474922232
13083085706687097430
1312614076753289677
3497487492899585993
2470033203441429026
13984446139320377726
5798892621370644908
10724671289417913104
8255945317852971086
6285565459113344647
1113072508854106849
2512262553707911857
4818540048510620341
6868604824906123595
4551206973436514290
6353050526844622938
353970549619974419
14696600635295257374
12820155711205267625
8892336014225387659
16978953547688371401
17820474289130582231
4173284023893686571
12662089582524966771
13122888397920409137
9409010217884165499
2482889123898425781
7924895570975603226
9086706555923379452
6661457372127479072
1998021765541118392
13874147273813326089
7810432782197602299
8177068690704875393
6690191804797644529
9393144422453953827
3575121627930886121
17682914228702598404
1608804210397606709
12975170126898833623
11107844551801600880
10752704690410363416
4625907471997562270
1554878867816141822
11069462832654221830
15735388555095260077
8742694336556976425
15631494437708496193
15080999383858810309
12984386151280250082
817393259472634095
2523159676631518160
6458867410122241385
4300089194947982155
13603813761509200414
5061723062039628058
12114718135753706629
14613128989780132959
5132500335101993693
2993499765868688370
7211911814747570383
13858220352918013393
6535465152769463163
2639115836040965843
8035168911968791523
10199392860608380286
5052511345556602045
12518674587099220219
5411075890003962546
17835627257128637278
2516000833363920874
17606534975088068415
14350015667799259591
15775312699994861711
17098055460204876291
15282932857542272283
11566032895818293315
6625724422245152968
801613893854187111
16316597854465210946
10994111243728390249
7323928536151635500
12089108186491562397
13768089306603736536
12827752943311694823
2577917840143731497
2594519769803487311
10480595185066034507
563958930723365772
14355296016057580761
12072128926051629594
2353491483026298217
9510183743159661465
17613095684672567483
16192805910289443948
12267893141487367597
16340326438705251409
7502679421632496348
8709624685237063349
17981178629505903855
17810019544932995488
11362729973463651266
4036914750008733978
10924179728980355152
775923556438036324
3010600086461739276
16420939574829170760
5424143934038344556
12481161050111333416
8706656337110394697
16898513105848696687
564549899154217896
3280406583828812860
18004926469853513454
16505164334554709056
2175151558348917086
17768165520215608533
16529203679698598879
2464259987438535605
11286600807365730559
9453978688478039731
13572313328734718809
8972066651705330899
3302045130651203077
7262102543122772375
12737308479676886232
825710739748618700
14099512642957170092
11339118025992014410
10498599662650916973
18126135062657993178
8301948780819522383
16682068388562759978
9875802359790944413
15101352072472254949
1836676372775508983
14869809844434756235
14155656352513617945
15691729823673579989
14332526264893442087
3977366267114166341
9155941450443261268
5265849842421641359
13572294194931319119
10226317476050854169
1055736985603872778
5606117841127819246
11493302113433588487
10204918224156545646
2914355827620086984
17320438904658335398
3682652777970579510
12790633529487993273
9021713598409468768
17236415981337789180
17165024655391697427
15669144533186359123
15449822286551791985
17022739248143553315
3881522461652382197
13097044109538930471
1968313091426830373
14280013102311655646
17190802415287399049
11207833007859885854
15239988269263133406
7257687333163058534
9422561622291780706
6685442286147359579
2721165283178396304
8349851568770480469
16613046774731101722
189292945158767316
2733945337503406987
1628449799398633876
5470622769253427650
9815831578331037670
17668098768382526845
4626468989705976381
7893081709116529189
7827763801172088978
7002810207948053818
5699261599349658873
17335210758276045021
6099616856603411967
8519105528448588773
6459680498695035792
11747962561155910242
9449456094276324931
1266968022666956978
6895882502433625598
16644397064827270085
14311798734653062147
9138465398032744287
13161762837417598388
17281726610276269517
13240176198364310437
4343450509936963313
11283283377053577024
11686958184118223487
15878198989893259342
3085828242503730676
4282293243827080739
12431283807752586363
15780441348953643441
629276207964423532
3174631903061277376
16618395915777288122
17706485397824534762
159867607340054617
342272667574261
811355258366985108
12399777606581925702
17933501788448976815
16344333592788600499
7503450425687749107
808603699097808732
17378023727205581680
12309148632645744431
14029434352356305326
11143606402186579998
16384343626557089429
4353630387562433703
3381315761551105715
3315597551254615090
3846993787940537380
10760990751632310929
11431729616269893735
13855574074017437335
13353868395767904806
4775514597236785884
2350684871363477011
12355027465894017130
9792378530188540531
12472114012739622891
16979526776310751157
4908984450307469348
9035460045778456163
965970413402601485
17646580978780100582
4967094720834393403
15206447287065021823
6085792323590985203
7561443754229079183
6458889600326759658
9843415477985342852
5377397744722116095
7514568725465009209
5098479011978574333
1533755365915104111
11829309241847355109
17622469493075320256
5180524282463781412
1678392136794890743
13433898283176902577
8844542489139377875
11831999394204938788
951588149489250517
3361328675706570282
8437984832031272223
11085453825615748956
12176260443418858485
8826402376078717506
11899277694451947149
8135679601400226718
16943850712378676777
15328694733564974597
11697079562219348464
15514840228831027320
13745311802400356708
11504665395538802601
14629070133049258115
12894837517236536216
1533829750855497791
14582229306048708733
14494302515468747229
1673436646049747982
2223788117228426887
1124550792060296613
2720210259882567305
12226903224904140824
4364046887728415512
2249896824791260382
2802676063194219158
9462313568834887714
13543443611329206551
2265877691978618591
4086760800018931220
9395251059294468322
7563989742850999068
13502728521145010996
3628301398680609658
11066097587829388056
984651711030680135
16987098695864601778
7058050167529835063
2110265584004164274
18257718909766013982
6775107273301948464
4391299545608925104
2448244838356886592
1364187746533892143
6032068322272725703
10435298866891050481
17597975497063874383
15345532474770636429
896309194301476796
4164514924218107499
1739139021016157027
2631058856765574433
9874425500511350472
5485794308885352718
8221317326732092630
8637857077899601873
15926051746110007277
4016993929705911410
15815831823501979705
11444924007570087832
7068728872418092919
4913542522616864922
11189768751922509426
12144657304617114796
18431461541567524508
534007957687880172
3674264779419114926
17689409950604115813
14412803418381078937
3888320516917674979
15881367902138775630
13954233896689584480
14931759804809587161
9457531852738628259
4728950641891499233
2179727651077393453
11793606782043329555
5420509392267433820
1429624537029026234
2400169332869091920
14436856231161860368
5056842730578427397
16218840003524784543
10817134778532239787
12626916774370080937
16899535229684935927
2563315887551784618
6420361100280382363
12424454960498640101
16048574228713904452
762223414497267547
514512719435294253
13142774576933757325
16758017236307925849
15845291484007072993
12154656838832497605
868447210179355731
15028070434516667239
2641019085861361420
16184246126028357093
8548736841488101730
3438176073442072175
10571303239515345881
14429925824796355264
17174714241427129399
6859030814364582347
4263769679135426464
6093854501689033495
14166278601756365053
15817053504652594003
6133959007615620935
9757808035599024113
5870991423602173945
13359694089404547323
4559648107599847276
17375810960947150738
14604740456958050363
17329315849914243773
9172507071193498790
3737130625807424917
984561205116231979
12778876842655879776
4270039041338283722
4216115304987599715
11619359385751595344
12417089384221869780
8036060733767257842
162940405719310727
1297664396538749773
14589784769640568997
2009641044369025510
1925365566027890705
5572870408416947509
17676520520982472425
9492625151391924089
12918747960329052179
8391245743681476239
1220342622506954181
573282102606245034
427125102847431955
2536474716551503280
669093178234212902
16692652174649108276
7418970524378562846
4727327310800425055
12630489492367852751
12132531823430332144
12708909141911168525
7304747033423699403
2298457367093821379
12340904902951143290
11739519603735277815
5318191122989753013
9367068201821115006
613617100048714295
7477292919968988442
5863113287105178177
17849736546730417523
17381716634746548615
11517698332920377517
7764722606044841902
1484297039568485993
9055150188728662275
11055847184669122415
13320312554150682470
6839628904919547563
9769568948549083092
524402840179541669
11149361398323063489
6087747890317932241
3762214298979484767
7769075054717609958
159513338838318355
10649774666179185786
6594205005880029228
8726212997142362892
8632478313784226740
2011390635073829209
6226531621332315883
1029823160043647612
3282732929662214420
6870044600778370864
11858657345439680398
12527484350274795126
4062478067890150421
12539793959175769978
17064985771117455297
3896735639408647598
3977927325223041111
6162656294864930579
210920437654229057
7349000090393344413
16578132612543047538
4550730832415457240
16657334294120239185
7800200303054378710
7870262920740380254
7342557934255347426
1539297082117846619
15310043869223798903
13600811263515807696
12017356991736089519
4524726806433761622
3079084613697053650
2818510276227871694
231051273394233031
7572083596271467996
12594713130450072780
8822800814611615929
13350527721256130986
17328485712455855922
13225954633478136140
13255460927300174805
13309474233831746434
11084782948840624735
1475392912344084929
5534777718367877936
11806628081086566296
15159657572290141279
16593416727737069836
13989817866287480542
2188507181588486583
7647953176439942518
2120614503334489001
6052351635380781035
12925995470485014567
16269809352492509541
1928123246642529788
6588006821824873959
8330750893223085818
15040497548589757148
16732103579111504503
11052694322222374404
16307166373697520294
3789896964420864943
15727450851969950650
5060554648461072163
7978928171828779536
12958983301114820295
9977996068288604842
12806261786024160831
9739004228786094716
16177356456909963159
11060933372057131363
10106577468645807163
7634606255123983459
715225252094891982
3247905899035907263
9841939305273343842
2986454100095070726
7553847623119806513
12164057953300462259
13406081930230555349
15864098076730576806
5162005212693329474
8305593609204278770
1509871833609478584
12047005009886537446
415298784651960240
15588675224982823149
9467227721098533557
16306400946270593750
2393620983735936216
16893090696677560380
8240458419087185904
11411828344015917700
15263694548963964577
10535445432905199940
14851152492398539866
11421745531971893917
1657014245607941427
10442496099783567035
14214223094520264719
3163242718632660739
5676797287428374168
790578657422753662
14773204443850408901
3971166758848698194
2097339926826247732
2369077775458772020
2290976928736107211
1940149470070927553
9072488688981846857
1851203365103844897
5653189443479548384
13541559856398698737
13713500186208156318
3557258905624393185
4842204445317984861
3549831847579436788
10619966884869809801
12307158026290411694
2580710025057366091
2446946740130710530
3379557210034243657
15872081152656209727
16734005468387569875
9625173226643437929
1097705764159091988
14895300940627402731
7736745508534565149
15973090592605598668
1070956766112405673
16409271893341491421
1722350461855538242
10177294745783866170
637707124564898261
2491804165344985117
18059670744679048606
11485024893037803245
1241877865511059850
12479396449632028323
7529839263707712744
16614761214261071672
229383239432631460
1858992565904410329
13889680655330694844
3845434948798643110
4031786955408728419
9956408602184816610
16220873792571763898
11493136493346551287
16876536672756281538
1329870910722535079
9164101891608478646
15405907353127933217
16560026835883428055
14904736990656630347
3018620160081769010
10401225517292110776
1045064157427019859
11154362798394089239
9158845359980788341
12116996718730162706
183359726558329216
9326259020539028684
2956636662633629375
17941039441122650169
14005338712459825863
13842203661898742801
478872661029623464
4271073834757481934
13965137838156325418
4898375814650716758
15572242390384590981
15491173530629973754
6816009349685353185
16071978423924931281
1779473024453666781
14891405017883019903
8409964970511094663
10978471818104179174
3672950723402878160
16970195588234782289
12744575381753414200
13482678656203569266
12820714349172535490
9099225477576321437
12393604985908409138
9778514176500339653
3680112694712424815
14690751598178647839
7921538050398696326
6074496419192342976
492713179441928842
5837587188540475438
14754233410617207534
2080104162268794329
925985720742788439
4350087751383429102
15526231491923017324
11772211192811759354
4029762868961079215
10937583287768920047
2097012584752868550
12318801224690183059
1366991018725585779
13954521525920405540
8632581086409297912
6702903067651691583
11391996290124442079
1806059085253278267
7868585947762675433
7728541015847489623
10536082194250193233
15671319107276506427
17002527389681034348
7944107910756609355
16188369282848517439
10511664767570045524
10495544755271846944
13884815452138168585
9875313583696758990
12186550192276398159
4641593214665354523
576297328423810964
3120514239439709779
5907335041253769483
3189066924017202107
7149211782251729580
13427019755901368754
9690823050487061281
3823326765302470436
13047208259981304400
1218217762534580384
9395341772219430078
9827323810383561784
9630792538679361882
8764781443451826684
12757063620298111025
7863169422946255778
18020494410671177775
2678718169660619527
14955951845936896340
16098765730682334286
11980575303083924396
13585598357831716494
7271542545789535659
12951172545674406754
16771471845999786545
7824155216242713797
14227949935956663989
18016205099095977497
11456345982704003164
5057420417680730185
13351212608781407359
5864019978743573998
4701938394370772494
16622490967276780682
3471859115393643126
1000053719600617751
16028451703922502451
9691277833298707968
15184796568958001044
9832829380959307787
10334543754626625232
7037879912611297134
18389386757521811331
5624809764299777656
17600156019129115048
6678419762821824908
7590655063274968768
7171966393910684158
13158188158273096488
18135821491659915765
13391067512569719472
6902280852969405135
12402018729815951714
2852331718456655318
9610642379951130287
1181466116133864059
13104909335711696789
16276952106028463200
2178773994596799118
4689930886963266946
10306399675396735323
14324500145568642676
8962717674137752008
1438763793370172971
13394852329458936278
16226019951754610503
719354144712383299
12757882085397548212
11519431378746712051
14351563076043946334
9604406953136750218
3096575600965509227
14431377638038857990
11532162092437050881
16608770715596534913
1084061933763690101
12315640488110065212
2855479937369532107
12097450766026496126
2656089157800690088
5908059372323552034
3993367520997928068
1729573876771165688
10093765641811527565
12174002422481735757
14249631080023138549
9861811314673700879
11594866299240769026
1581632786405701487
8498045925452082709
3865694375382471967
7400612043941744406
9561086685356220117
5691277010650958580
8104159605343520129
1088161518037901828
3567500138666065119
9942321700245599954
17138892065945365388
3904477975054011957
13631123812412484077
2789013177770134911
5263617231453385275
7723746172281149375
17287745448478963908
3416943981816508758
6137061141686708579
15474400530072847120
14766729672127019754
17926262717931064115
6485593424395134868
18174597474390919800
7452501864501606402
4031834773452309703
2637113027977735238
16100994273338589945
465409736720103735
7714031933777219197
3297848299531768199
992889386620426996
13092338708408874153
16569602521372493032
16250198686749172048
7247448321882507979
9584633666089745641
14983197550044275881
16316280391977265914
8340582246216118904
18286223745671559665
17747649146078579973
12649697835065413860
13643815193990371037
9158356684470854555
4627177486874269881
13960363753179077031
2263232445465171292
6382036782890227323
4571862038191616489
14603070509751999086
6315835851816612151
11016225654329254148
7501148661165280966
15805033421469887224
1847220934724131321
10475018083940502771
9303289504766344961
764062046267509854
160847073717791947
18215130252764203748
13251715210809806806
13255551496112833276
17811852439942236617
14491335516051318002
113794951228212765
15703461693047244721
5979855610757114748
10471207079636037193
6640083269460952882
2669189609021725509
9182287264379004075
18416892084656446371
6606361886178383617
8278394115628043138
10278763764735767702
17541752907720138650
4958580898668735369
13715491665275029289
9316740865226986065
9705902755098129991
10186743906388345608
12266115688596682294
6728369281854359059
15368161358708015676
3877398903139388040
17322811347160702653
9523400238051384995
4987390755408344895
11776287736700433315
394793611235010275
8578475226455924271
12219009844394678906
5605911904308035176
2700103634492467211
3340719164921158738
3462817298088149980
5382290583028215268
8664345993726412270
3882171457165104135
6996886068627558529
15996917681113619972
10384291645484887626
2172668100767706515
2657851610770648034
3676915290683061674
3553017140090615093
10985127973557431629
5412485899664481173
11345264708388868922
3609984513216659485
12297803983666970403
7355072676345990892
11338978032767991084
7622117769819582538
17416046850324398867
925822962331675371
2794332150588350833
8273669532409986915
3300880292623153738
16381018927526918405
16844321365763749288
11552216290561225239
15031503503750780138
3300154033347206616
18230227970043195748
11426838015837921475
17879910727004542509
995300576283325492
17343358179530264005
2304565237076750271
1364087337895950226
14970780404144387883
17414847664214602528
10749237184652415276
6507085376439892161
2261208036661571419
2480557232291413413
16669297793510576647
916302098056742554
15833667780834857411
7263025276831560804
13898880217337987653
4402782296255388907
12198861859593332141
16697265732921959203
5756207349324606734
2936141164245841244
6314189020047514497
14179612267810479684
7635559127480690855
8559646687260625514
8195849189833325523
14364720221617144911
2042460273328543295
8887192531693726738
9514918917523788891
12967447882913312390
530197220621043676
12704649505755826225
14902940068181355688
9178692122437141667
4983845749257015471
11503831382536486505
4389287759596142572
8152416832820274210
8933221552808677506
14881361955790959369
10575516649325906182
17865372101926047650
8697148744321801021
11879459541466432389
11415307628852219422
15441763704294267170
5176453163568223353
17283651708802002427
17876040900572606034
11262972200904765343
5490102608709460486
10654028033414682698
7475439453166172443
8831610119786329947
147745782154943648
11239955953713712722
4357532238176224955
2115611579806522503
1228916487378530624
3083609357403770979
8385328933373567881
11012699865671360621
2171726683555133648
14579845424160700487
15990520494880306563
4919281390039527695
10420396637136589111
1441607005544177245
7986339019031610599
15298684020659520302
16082462820274298683
15765937212279104266
15756378614584182927
12766073693639335391
16734349174572130610
1557147694112929324
11359044399094363574
5109866526374834390
11879026807386924009
17049247282504510927
9990614056847685276
8786986335531366751
13041634666198094798
1179771936920728147
5694343712333419648
5232556479659000215
11314674357932313349
2504945948737218627
7874251603689257464
14367505103119172173
4025127171559008851
8954954502810168720
6503634557821572548
10325049284876145133
16147449096020274052
15905540783282909804
17586069903493435788
7687145955254653405
17713728427654180735
18141690624865827868
7430398844130565307
11895533388363543252
8172300893905823317
6872951429083213263
17838818538617397272
17553610320863564968
13022121332530698363
4948663764609804952
1582979530615888254
10766741304825606441
15678822298419377602
10334046950604175461
13261845997488609490
7077597962023951197
4474049174739832338
8011117668981633467
11082056039730491876
10519999512749795135
9843909292578458446
529619116927295622
7408730481874870080
9090399404065626758
8216480973690416982
18216124200113204256
9698258327717980493
4845892373060427012
13799565951991282721
3236726197031165205
6013260910107900964
2120822786681081534
12115211586485755006
11771856774686627466
4245322038146606658
14725195254144308314
13426563305998684958
5047026880853868714
8828360906883830318
13928132777487736264
7569015151716113678
4793792349500654431
10721091705496781525
9812910448725562506
10445594317763886563
1057795987642523302
15559658337377048735
9195972678373881710
9834892908383095393
2132872943880457152
15677090439738779382
12246848220918769466
16244819523131073111
18259788265416849401
11317092737454377084
16317397486247925676
7257837326401663394
8932341202167212860
16168167674759822333
5203934819297045954
9128844820562730108
9260367504683396703
6617261952385405288
6193984158969648883
18246984509894822836
16174098947277716208
10835045992776976317
12720544483567461286
2894059004278743357
10678095779799876051
8472395875251213505
15420657952117097360
7154142709743687437
1759827212103874368
6788823772437244769
12511886719538315391
4238882289703000454
356777654353519850
7365931293023312030
210092641558054016
2423471624993308396
12293494522364091477
2601820415030997996
10980913916124171870
4513197895277967325
18396209657525469113
2208454796044335101
9716181216160675971
2884150329857954049
8952033758031599183
9530919199116425008
6374815875546074235
555123447666742567
8779900188601889298
2402223535140010648
9421047584035643183
16903180724901670742
13328300258815013806
5290496418431800802
16052650475032161666
10405877380529970383
9205799934747830881
9304131048415389945
6166888322024572265
13323041268561503426
4249940146397449452
712401337815139251
17693468931158724519
3532960295714254584
4659920884986205739
10387808207196324390
18210717350538331530
3002326932010804314
3156645435415991544
10356270493482918868
16367081999790362950
13170092982809145684
9417915228501453968
10547581581748778351
8380670220829907830
13561015285460925509
6445132486465956253
10444854405107410226
5309666426288913671
17268326909079833530
3542032336577382663
16094995501990408231
4087209091589392079
1433746952105159093
118291270172168590
8025916902567717558
11088523460264755260
10445477534410874460
10330200837750861506
17865809822212577942
17318678375397550259
2653934917420129675
5060987773024728780
17759198371743835094
5815020272621043050
8682923142333763905
11870202637997391996
11530776489553547874
9663580802883197862
13299099612845490378
5432567604585146984
15798852270229763464
13327769924815214445
7508952572224069910
3208991256498540605
16878047642415514487
2452534988353147365
12557612140486282776
4407070729136427116
3054219106096090622
3632047983362991630
9696907795084483736
1374193695795027763
14265985083823432336
9369057979453588055
7353965863036067778
9384235663814157213
8107364001299609028
6505928456070689113
2586636383344314323
10750616542794058487
12380307892814158410
5541831461311987871
5530814836337790555
16342516361679936989
5454733218809759710
4337931599590353479
16867544013811478582
9010376196471695876
16875430468256659055
12685552276909289860
5331119874942230043
6190302861591504877
15948818389354273300
4120252908189411974
6517177154890909744
9251430811496961003
2078107626605788606
11742292845317161212
13342117602371555942
4118024073677218129
16202683227795058509
13809241198405016484
15469738376474772891
506064606651104119
8087038108825335162
4139068450263486028
11379011906758351240
18394532480934482482
14570064935540207379
11087195522710863344
17574873321251943611
17849215145734313606
14120792481957158402
13543534519924523904
6415189812406537714
12173936582293545797
1363477520608894792
18210234938314986313
4130900540524205554
7439996140888494878
9411655374556686391
7269874825324220990
9864380030233654347
11562737567017068251
3332282641077222362
8386328532565022395
1530006709108594106
13198647905769420678
13452299220140844820
3625679255782850381
17337781627287804815
12904438586792302341
4474306960918538807
7064646435538289547
13266251172634881153
8604451033684744149
6381306483529347016
12153584687020480593
15142153865815234098
1180877658752605986
98384411079223604
3596549652145584902
13927486893618653780
11102551133054993458
8092298804598378015
9972214223525391002
5801800521595628597
10025713173091833788
7053854737308426432
3698934452957091327
8311223862706139531
13583106716028689806
8324100366570122760
1609060783165582926
12334846341734329058
4138189463135428474
17919077703066230377
5308234429221275005
14635393665848685319
14846972452924605245
10887070256645646925
4973398526140558066
817202827771223639
2832781411783616962
5739759165813400277
720567962145227439
15749616621393954661
14882671466521188243
12900548806427478416
3484805066875226403
5608841529716219095
9641349376787348156
7285973483512021771
18376915453900602347
11441295048180998041
17630393825439212767
14963114850419963241
14831319059787854866
5956291344535078202
9562011720885617701
1718014380835530729
16278116035952793451
365413773086878279
10451673251285798497
1113020296957528162
1009581511859792961
10708617860748099406
4741192054054750346
8767093724372522080
11120567722322678873
11432633492013389984
11562054288135390368
3548608600447792403
3093896476706132223
5789669029582704048
6853871116786511441
5242850270807011196
3928095548953485488
7162648518531012821
11218328624305585588
8608211426594749422
11093433652310313172
5265277214247201339
2904562645989543665
12513215248757689162
8684578085821715913
12473833290220303710
5866573263043362358
13046678791766507275
13245519569964682755
1696349783522080265
4006819750881985552
10919362594954430517
18205553569958608640
846567568222345965
1260330543646065442
17784952358862128987
12857336837800416369
3679717558993386482
6720053717395637361
14320582198934164755
3351480222777342723
12829140880174932659
6725329985560594558
6481291414423902264
14948734509831715044
11704972446343241955
12474065576867255442
13912087587190370797
4220042080436582036
18128262957197841558
10903468659949693932
5710511858693656587
11154935557564779189
2298705210084858067
1426714457659122621
15291566881082180110
14502188572834313567
10572458048060545080
13845588471683660897
1966774120400427395
2072538150353681946
3419809954310416890
16585191376855867233
725243845906840194
5302143939876622129
17475181481793510771
7115908961761155217
9033508815931547752
6921450050156053520
4987896918435351086
7787533530666412566
11789112513451432114
1866057282348172101
52743946002040660
12919018294545244680
11898449951628844866
13413930462382675691
16467420692958063472
14017396026941334242
14539049211258589471
10444403421123504847
2911581947306103405
13700797065854211383
6047943509375504451
6975886728668242081
2552462993057272808
13178560623151989534
8878301678529087014
11518719547754833136
3245453024406462402
17720560066929112473
9947512890470931993
9404221698469761690
8445360798021834635
27428141735581434
3406103026949112242
16417904865511857802
13277900983215158355
4580897099517067799
9782726405773088226
2458626369898919812
6457821252894853254
15248772437678131846
12075809729971699591
11571647612296122200
9022963209560901237
1614319738215224829
8543962255647139607
7596141083098162795
4773949399464162768
15657311714330552208
2155251166864155605
16862874174792485822
17189763543275061575
9527522730302761339
7416698514385338853
15197103648951795393
16636809260519960975
12581551770197341725
11114181698725391205
7639328718309895163
5948520973828341144
1042322973859526977
373838213211724648
8341326290170738864
14468054988085483693
8420745694468856028
15297302016470931312
12088891998146601917
9963387920060929971
86901481402034532
16248077035757768389
1462461812020008327
3611625803920694319
6786151553924234441
12188995425351686980
12798611963368269815
17523832676952008210
11736200520903148062
1083308964510372072
819777006256301959
1714768555843782072
14375268147323930446
14184850398721386624
10287060530255441252
7386789955835280134
108657496495037421
4997030241063894446
10815170953677792747
1988261338078466973
8255583217906095653
11592530968177622665
6089929939926256880
2239320693390757047
5147660504332450392
4455515826948347091
15413462971195114940
5599885415646796092
18048229950995997545
4880471194559836471
10728757507183393657
1758433263377277737
3760564818549408543
1473611945247674554
12459750374771249381
13472062179110184658
10763075932074580182
15718832684586395849
1864914789319888580
3716470963391063378
5297572484729300176
13587498157117921384
8337768172787578735
14916258429496054850
992499777490165465
5407467473007103333
16175536742390978721
14060686650840750365
13700124007802668586
8838227171060746000
7097126373063985729
3079530205216642252
2215319212921104
3399466932388086105
102673305102368758
8198404052060720645
8117193749298298402
10227966680393126824
10677337780154530038
861481397196524162
5579995116663275278
16500518710242915578
16435829478025828223
6651338700076810982
9484562120614750754
11740985881315670460
6459020290126404381
12583929979726408173
18225168373531795203
15714494428042271706
6258127222851542678
15987313438363117636
14927522040373245513
15443898101661055503
13513032095037559165
11131957644027452508
1126320789722878181
10585529578895387544
2564013677359072846
324221245432120787
769435972476079432
10604477797162975282
4605462330939163316
11570337164784623514
18168797728981485936
1824729558756426585
11841279106395680788
3735990152928445135
4325896656757502367
15642265562427347076
17315197864039846433
3453159602145237271
3473704064262274767
17113328500854569302
13653012761078026454
11480766419958261570
1879372683947624975
16651956251112859925
15831732583572060824
16642704241862380283
12614932885665386583
9419649581781038608
6405563311688444300
4647336561791021282
7058873197948662771
9233174495378342637
17918190239324029263
12955564816568921560
1121006814346850399
8177147511595422560
9068725548687222352
9649740103469489163
11052399033199394633
1638443920695355379
15007754498093262276
3634229777960002430
8707101822674750296
2565833299217016265
14323167142357121351
6664434294763605664
10201523403454044606
3934777780774217187
1021898671386620943
9888946098865603491
5224491859089802078
12779618833073723176
7987782618706749809
14264746008613835489
162847264165612563
1962120698025867032
12001349458042778278
14800678103109959148
14050718073899969744
10276993852059126243
11644953314882865313
2670479811533482375
2331463716332438840
11138689577784519992
1271018099181951772
18116459015068034663
16342026904662281724
11746472741183630428
3535748966951225291
8571896371012801792
6448689079545099561
13386498744684618443
12147976089782140830
1883373714606793537
2041560310566324513
14941602618486946992
3609699131614842272
13903301997374521789
983815641131379005
7350877095287337391
15395876337589154275
5028637867051493198
3560404521951789324
11658250924724795250
29194210406066300
10607274203025499846
2687757136847996773
1335150075900170383
11563861820964747727
5103018629626689604
4421188275125989516
15710331728414631479
3010786299639686216
1338123965270288115
14158526896996727034
16197396177641429787
450366207964548560
15275689257772635810
810284676750600025
4947469699417764305
4511484310817011737
5707205446410058131
15980086392165977351
15483383717123341200
5735748736277010942
6781698194577650930
11041522577900808899
1091330393731304286
5173280293824326042
2712375873641099699
17871596001748410355
2977829283726119220
598657600271288614
14754025965116587818
13487904037076969320
13576102147988550446
3536810929014696638
15494934302122092164
2573277225242844421
924983791144037221
13105264345407301792
9693186409059543521
12576448432252138140
1789531740991636477
6932489878562386836
15390821917819878655
12456119647807622294
1449683062316904765
5080216592466680151
15888287940208334411
6673252609429942902
2373004270475349970
2626491201810301268
17699667286667179922
442364763832811286
14484170933443542664
10425186738122947127
11337935177515604282
14939249158844133343
14393611323991224705
15026718080543988966
14601510921001137547
10316812290795213464
7926357954574538233
8249831928413019510
1598029859203767832
17523469224975856615
12019932931213857491
18347938224769170576
647151161254724228
10813434617319571300
13195974200268022420
13017194974461729070
7721506546302986279
10549209293801995723
10534783279933325149
18049112770234238610
10376190422128421489
11534312790711384484
3150297267524432476
2952878449202782430
17575223165276204313
10715394227959016107
12835553622898034115
12132253012575540782
4681104589467781345
6507523210250289504
8529070860386843806
14468842914122974442
8841616023679599152
6712467058437146103
2194548358510017567
11839388810160251832
18371664490736135150
1726235669739898436
15933223521158464903
1456052395543915041
5014219830534228755
2371131267036143396
8937773660372350744
10149165020181435552
11141849412170890747
12508118685794041791
8172536431836424
12907519667855593926
16311735037650067979
8291760307635834353
3352040063633156099
5796385644597389296
13545044805228674159
1279691211878056753
335730031882349277
9505912877128514292
7958395758549385281
3366472288404280393
100348817611329738
13744030306803515169
13326401936973520161
16245134478240566205
9477280287603044791
16197094534296168398
4724109191391199217
15463743867847780857
9097381987033309924
17090056472441005639
9406477416893746949
6722020131210590510
14350909984519241288
964138445769480704
14818485020592148354
12339926900624477514
11418755121897952748
6606993765861459944
11515521739684633528
11437411360735169679
2985216776960889648
7804776545516614034
12785669175181254489
6802345527722660604
7818734537715038768
4704221136490481330
7891337299313716829
2075245481427675620
9164727561489157768
15031489175163621434
8071528453136490676
6201376539396799701
14386780121730804810
2214190940536795512
14473228789385380876
14847038890130459805
11558211727977719587
4773748132084958010
7258057579939278983
6390947424258321705
7249013022949650519
9891376446002201254
1872185127279999875
15129647012365835276
10666361594154045802
471309772961990457
2087679749714822507
5007652131673575921
764903876851905179
13880553639487555194
5549057393893714452
8909095939836564525
18072570068404831306
14807857306462358466
13325880553319794967
5425120299827100580
8806920990573939365
6977533957113505842
9396872887017514452
9062092282004535281
10444506679183175139
6692912477059134515
12428576845661456374
5308145558963550809
6565316587139419726
2660672658611438473
3316181412877521370
10917997000839596021
14824164973881083653
8224796468021283942
7516422449629240163
5192307193196051714
53544363591700782
14706498242472007689
306802138666102368
5868482632750145868
15213215884944774850
8704477463376740239
18401850399525226305
7668048621967787426
2346348246383475563
1650588691352299140
4918800540999747031
14634600881976952921
15640788615642837420
1484198837833254914
16870083065950489681
7652037323750413731
18403153102738782530
17447724203902178521
18191516861708950500
9292323555165635434
3684076246896374974
17233962519415563484
12643426838383145167
604242090935006162
10370991509716136086
10025373597315773615
3205253513634203515
7344987710027646329
13215382559979574389
4560180077831653482
13097643086074933762
3259336431135373697
1187908458004766575
5723805725047905996
6941724142224736692
7839133722821002916
3611039932758580509
17136883317322103234
12702200574720887614
1620656943950352825
11229764468533848465
17583328934808636589
7516545893384052955
3012349302298525936
5468144506604364087
2994131135278190081
11441672223967322426
18260157432916576508
6799742410982084069
14981840643064215594
69582120730551611
13617552384272903093
7254088990107960049
12854980185778226627
7579142767666990746
3799718335686649015
4598801309319966496
8650019259536379103
3792535598353435360
3337134647942514190
9446192998510011466
7957729678924023123
4174718480875693442
9639078364074301264
5001330862707213313
4851699175944418085
6373547422644391767
1625129975875203934
16785085771160264651
7267230108437480600
16127896547141658049
12540030189819559841
8774015358741011664
456798511681813929
2479657469709632044
12412289274413875277
14571847735720337618
18302982604612979592
3583449713679219403
541020391633377983
8485453009047446431
3712523917392168232
924395144169007972
7285319365036173623
10220459720628171001
12691783428737258961
8654281933571930248
5890249949635941155
10953904147425241528
4295093228499983351
10665502485644811618
7800884981636113129
9944910058849216773
12949139008534540204
15557542757694377359
11478383273040522078
9809871840921034632
13131772260918264804
947948232189860910
9968057118904239673
5080078615716092965
11159908942533858685
5961842755826718179
2286187878668495019
13964642105779117633