12082811441220121055
1821474908400450668
534547685200018322
16784599301406564976
14345151655396029822
4926965534259421474
12422355395229760826
11776088854790161650
15337954390504898972
5333312158510687063
1034123340079246704
10860306895874541400
5156537379694403331
10742848054809244470
8202042302660540113
15419986972132707080
7351854681646926244
727900368302232690
7782263230342929204
14615452533927166680
12863172466604917136
16245417678564262151
8974709832119611877
17387441856187945280
11644714167070213502
5496178969103456324
12516998897086220520
2477985285687872407
5420580960849122364
7479672043042769403
15903485979740776953
9430822667067133513
897595764227406435
5553880773354609402
12191534969654539134
2876517260728377656
9574857227357324622
17637889829378801760
11077186874156502932
16502201498943289647
17277684239799964875
4932706175878118367
7631327037431687316
11763066576628893376
13363327468213755958
7465812343580123857
88428574969061007
5342482353003866958
3783751017406073880
4792668536690784297
12302746951989697632
15550773689180837883
3651222889561699666
14065442651065046637
4285572373933647252
9693473462888423517
16434931052666717861
5866185027702818826
10193075097743842658
14116659590218629436
11724356359563486809
17648958276273111330
1316761142868552875
8662756582017007131
7912232281546712128
525282638168218330
12663463669930172005
9985592066487512822
7893144203748449841
8341666548901752206
7267257508397308766
157140879219939245
11127263307185326504
5209978289620632582
3390995269386771594
14841563516021885160
7101121232376603307
664397775628408348
11175387580169601988
15383982819566027986
6662406904308432665
14409476518029483326
3845176204374705945
14464466418632484039
14386279213169614031
8498514852087349063
11656834511067241347
18408890147075736533
6594150928633603847
17412081629428121746
5572597028135596272
17285023787020067564
10575320878587521460
10741873252735461711
2169819102110646609
6525406437073810946
14473640533882547073
5701120309161559458
6331523485547764901
12946474866400862234
13469351724320785076
1839836266793100908
13658138811669784229
16073015835666667825
17077705343459767820
16824241130492447188
428339178165175127
18104879702158466219
102180231679318532
9587805301468926696
17734662428690052389
3348091615315607985
6162991281112819637
10084836580840216071
17166907221511816887
15897999798696093178
6505487917818530237
6676736245653558643
3734750966019818082
5427727513280143103
15204387232609368047
2948257909346525744
8421945549187138598
17689996026845699418
11278908755264285069
13153147239100191474
15798607735424388123
15777310991605672767
13306990864376648099
16336720743584773017
4368760911523246840
13070271826974048850
9590031469339535801
6269264115489862207
6021884921623424558
6044849392618873136
14285216870449968323
17783675233329747369
10335097738578203217
14691829488933192627
11039179313505319448
7399749712204845121
4656554179504522576
361687898666093727
2511679968006995959
750363420727074583
16612866226364334606
9453480430192576023
6540262316956371425
13437634338860259821
6881347324134994832
2993195363795375558
1185331176056545941
10055843180776027394
13261271872484041986
6916743437268118035
15551252274383512356
3956085684432222560
10841965671789904573
6640792467139442231
17439672691035390693
10220786327237356169
13535742163593646683
15441761652608226928
1753027879582880891
15988387632053254683
6005045251188311972
17016928705732322223
6143954702319758015
169756740754843804
437056689783912929
17713141546078719514
7914919487712123010
9751750288112500735
3126423865034509793
1941404415418643735
2544289093317590356
6370059130973333908
7567702560150442410
7279315696197283364
13822954161058458294
17670419799946278727
14725227770615709273
12147971860837468041
6511449512988427813
17616168164822239961
16580600679685995956
4132714945107586392
6927815890872846981
17509783992078488735
17735909478527784134
14619760753502517855
10444056409585700910
17895630375767407102
11865039909133237022
14639340088406356181
10505231823581765121
3061637263865504587
16547791176252353546
16112125956455602049
2794706625094407862
11831306927690696003
10566078899270184614
14900667739643426725
12777598721884653924
67260216288269858
13158470997825512922
13485143357649461669
11129635264612639093
5200162235729766446
18390499115127143569
1971268725442527677
8647967460944501961
2560612572951026550
14159349227941463749
18245097076296316626
626099525331279560
6140855499910299876
1424421859081573774
5875658049996598479
12880461987559953982
8006369947808322754
7636270075581437634
1092596781694187884
12369581990116751945
14421835680528362206
10070535643638133252
7658715848432316776
11960135595740424677
9673282849083447129
14637017972568468326
4893946490002958453
4126399311422521596
17486124178866491500
9850529028643602209
17937121772451272857
13767289763059505083
10533168745973896064
15917126460595619086
1201688596558621589
6721900000430418149
14237653193952620187
3009657949023349384
3184639337425177172
14339386103764010760
4828683435937665009
11538787112286551255
749148184802165181
11637689028991413051
12546605869713864163
6523283360115995965
18290976646599924120
12958389434935404353
10061255238296201908
13762053994223702822
13478345692106636923
3736678408336993192
14687381926558383433
32926445676602834
9060986080570289977
3876385641026495308
11394941632222727543
5482328383058948
6691006453836481604
15030331505992345974
15201516692283039436
8192124017022589946
13717209784770857545
17050291568905479138
12147945596477128754
5896819674392137878
692462743912467778
12308952625229846361
13856128404128974245
13967536992110609286
5566139515902105662
14108531619666892140
4476599668469315656
17264179940063403694
15990564829345057992
7357595928788646122
7991914088552320383
3935675383776160709
15138970037597336331
4366816988317275794
17435813612056393685
3888885699258588229
8863527107576021588
17226942450252127341
17939641867640263125
11356884296709115401
1495177348176344840
744962245387333822
6867082021350086424
7737365550331337831
12441352450677559409
9063160218941584048
17969378962842775982
18305931835305148820
3827012797123537813
6329334826347181646
17452118523302141109
12533321676728536683
6933787363248851670
12252581261734156916
10596363487932756917
10963494682352791713
3682677946777525135
4990248407549003727
8092832733654004631
8440842302945123691
4892614314905123356
8836562120530792352
6986184559321043439
8483921857640454289
13604140212257563890
10721090620756242986
17402159268964478188
1168476952931861729
5785678710493074907
7271045333541622478
17091126718344598372
11568043690387049046
7161470589753196921
5578011599958285224
9354980080924530870
6654635718611894208
14924713544066091508
4827653264417845708
3617480925177144451
4237504145117255655
1537984044332800554
6919914670874785654
15304944723314030540
10200412560302422864
206807907140596495
37713484658449152
16768025409793994583
267664919512105798
4288958528964604988
4028116180722643420
6933536701408233334
12884178977661739124
3060898983573624097
15375318629563208823
10504712335619700641
15153792356144407731
6703426815077535961
8837697393638812060
2253249960220546295
7587568955618102135
3251711494668169612
7015047609237955446
8375638994535839051
8849115110452221112
11794051487501537438
11625456293926064663
3478585714745747855
11585511619686085408
12895636129080814712
1783192083077269604
10916442065851458849
2778608270440492631
13917582283619710887
6376419318924625328
5860720498333625412
14613387590004259614
962092366360822681
13194684572531479311
14558287056408435803
8776558698172673614
10055640419689174578
4627920301802122452
16871525762061787659
16466858796474834061
16442497682344878827
1182735259883826648
5392936479260379588
9175217225089911555
6473046624245679641
7933998873008240535
9167020750127897389
14868274038652462495
9323187407377683066
1245464837614336861
11214123564263832784
10822842475582614602
4050169295882844476
5154121759831679454
16298335752290054000
15343152057529858461
3652381419734464788
4500967665017455664
954869942443653335
8336804247878860416
2463785086575278588
12951240510024032382
5527586230765942225
15263745638277886802
1315505690763293176
16218117341831020782
12603930306456702480
17920136627160947829
12735758930939696381
1786982123165974586
17985354224891503725
6527707266526854241
2786419201394938260
12565308443517739565
16311214108610029919
8520420890247974580
657867039837788421
16329449014232931020
10971166877214432408
5012086836632203967
11655002564973864791
16099530108919726388
13269907638408191612
14754605446830075242
15314640160998387238
30726641516479649
18429386421469149147
3024784113877085703
16541785505090075132
15810874604109131131
18375611515775418990
16249925391773375255
16981538695376994517
9793784772255599623
16455469032770997193
3682187724289972065
10895362745229093752
3154386988443612840
978282546139725395
12203766312248018656
11979364871411724752
8995459436256159154
8610631992969129577
923164065898065131