5333312158510687063
1034123340079246704
10860306895874541400
5156537379694403331
10742848054809244470
8202042302660540113
15419986972132707080
7351854681646926244
727900368302232690
7782263230342929204
14615452533927166680
12863172466604917136
16245417678564262151
8974709832119611877
17387441856187945280
11644714167070213502
5496178969103456324
12516998897086220520
2477985285687872407
5420580960849122364
7479672043042769403
15903485979740776953
9430822667067133513
897595764227406435
5553880773354609402
12191534969654539134
2876517260728377656
9574857227357324622
17637889829378801760
11077186874156502932
16502201498943289647
17277684239799964875
4932706175878118367
7631327037431687316
11763066576628893376
13363327468213755958
7465812343580123857
88428574969061007
5342482353003866958
3783751017406073880
4792668536690784297
12302746951989697632
15550773689180837883
3651222889561699666
14065442651065046637
4285572373933647252
9693473462888423517
16434931052666717861
5866185027702818826
10193075097743842658
14116659590218629436
11724356359563486809
17648958276273111330
1316761142868552875
8662756582017007131
7912232281546712128
525282638168218330
12663463669930172005
9985592066487512822
7893144203748449841
8341666548901752206
7267257508397308766
157140879219939245
11127263307185326504
5209978289620632582
3390995269386771594
14841563516021885160
7101121232376603307
664397775628408348
11175387580169601988
15383982819566027986
6662406904308432665
14409476518029483326
3845176204374705945
14464466418632484039
14386279213169614031
8498514852087349063
11656834511067241347
18408890147075736533
6594150928633603847
17412081629428121746
5572597028135596272
17285023787020067564
10575320878587521460
10741873252735461711
2169819102110646609
6525406437073810946
14473640533882547073
5701120309161559458
6331523485547764901
12946474866400862234
13469351724320785076
1839836266793100908
13658138811669784229
16073015835666667825
17077705343459767820
16824241130492447188
428339178165175127
18104879702158466219
102180231679318532