12082811441220121055
1821474908400450668
534547685200018322
16784599301406564976
14345151655396029822
4926965534259421474
12422355395229760826
11776088854790161650
15337954390504898972
5333312158510687063
1034123340079246704
10860306895874541400
5156537379694403331
10742848054809244470
8202042302660540113
15419986972132707080
7351854681646926244
727900368302232690
7782263230342929204
14615452533927166680
12863172466604917136
16245417678564262151
8974709832119611877
17387441856187945280
11644714167070213502
5496178969103456324
12516998897086220520
2477985285687872407
5420580960849122364
7479672043042769403
15903485979740776953
9430822667067133513
897595764227406435
5553880773354609402
12191534969654539134
2876517260728377656
9574857227357324622
17637889829378801760
11077186874156502932
16502201498943289647
17277684239799964875
4932706175878118367
7631327037431687316
11763066576628893376
13363327468213755958
7465812343580123857
88428574969061007
5342482353003866958
3783751017406073880
4792668536690784297
12302746951989697632
15550773689180837883
3651222889561699666
14065442651065046637
4285572373933647252
9693473462888423517
16434931052666717861
5866185027702818826
10193075097743842658
14116659590218629436
11724356359563486809
17648958276273111330
1316761142868552875
8662756582017007131
7912232281546712128
525282638168218330
12663463669930172005
9985592066487512822
7893144203748449841
8341666548901752206
7267257508397308766
157140879219939245
11127263307185326504
5209978289620632582
3390995269386771594
14841563516021885160
7101121232376603307
664397775628408348
11175387580169601988
15383982819566027986
6662406904308432665
14409476518029483326
3845176204374705945
14464466418632484039
14386279213169614031
8498514852087349063
11656834511067241347
18408890147075736533
6594150928633603847
17412081629428121746
5572597028135596272
17285023787020067564
10575320878587521460
10741873252735461711
2169819102110646609
6525406437073810946
14473640533882547073
5701120309161559458
6331523485547764901
12946474866400862234
13469351724320785076
1839836266793100908
13658138811669784229
16073015835666667825
17077705343459767820
16824241130492447188
428339178165175127
18104879702158466219
102180231679318532
9587805301468926696
17734662428690052389
3348091615315607985
6162991281112819637
10084836580840216071
17166907221511816887
15897999798696093178
6505487917818530237
6676736245653558643
3734750966019818082
5427727513280143103
15204387232609368047
2948257909346525744
8421945549187138598
17689996026845699418
11278908755264285069
13153147239100191474
15798607735424388123
15777310991605672767
13306990864376648099
16336720743584773017
4368760911523246840
13070271826974048850
9590031469339535801
6269264115489862207
6021884921623424558
6044849392618873136
14285216870449968323
17783675233329747369
10335097738578203217
14691829488933192627
11039179313505319448
7399749712204845121
4656554179504522576
361687898666093727
2511679968006995959
750363420727074583
16612866226364334606
9453480430192576023
6540262316956371425
13437634338860259821
6881347324134994832
2993195363795375558
1185331176056545941
10055843180776027394
13261271872484041986
6916743437268118035
15551252274383512356
3956085684432222560
10841965671789904573
6640792467139442231
17439672691035390693
10220786327237356169
13535742163593646683
15441761652608226928
1753027879582880891
15988387632053254683
6005045251188311972
17016928705732322223
6143954702319758015
169756740754843804
437056689783912929
17713141546078719514
7914919487712123010
9751750288112500735
3126423865034509793
1941404415418643735
2544289093317590356
6370059130973333908
7567702560150442410
7279315696197283364
13822954161058458294
17670419799946278727
14725227770615709273
12147971860837468041
6511449512988427813
17616168164822239961
16580600679685995956
4132714945107586392
6927815890872846981
17509783992078488735
17735909478527784134
14619760753502517855
10444056409585700910
17895630375767407102
11865039909133237022
14639340088406356181
10505231823581765121
3061637263865504587
16547791176252353546
16112125956455602049
2794706625094407862
11831306927690696003
10566078899270184614
14900667739643426725
12777598721884653924
67260216288269858
13158470997825512922
13485143357649461669
11129635264612639093
5200162235729766446
18390499115127143569
1971268725442527677
8647967460944501961
2560612572951026550
14159349227941463749
18245097076296316626
626099525331279560
6140855499910299876
1424421859081573774
5875658049996598479
12880461987559953982
8006369947808322754
7636270075581437634
1092596781694187884
12369581990116751945
14421835680528362206
10070535643638133252
7658715848432316776
11960135595740424677
9673282849083447129
14637017972568468326
4893946490002958453
4126399311422521596
17486124178866491500
9850529028643602209
17937121772451272857
13767289763059505083
10533168745973896064
15917126460595619086
1201688596558621589
6721900000430418149
14237653193952620187
3009657949023349384
3184639337425177172
14339386103764010760
4828683435937665009
11538787112286551255
749148184802165181
11637689028991413051
12546605869713864163
6523283360115995965
18290976646599924120
12958389434935404353
10061255238296201908
13762053994223702822
13478345692106636923
3736678408336993192
14687381926558383433
32926445676602834
9060986080570289977
3876385641026495308
11394941632222727543
5482328383058948
6691006453836481604
15030331505992345974
15201516692283039436
8192124017022589946
13717209784770857545
17050291568905479138
12147945596477128754
5896819674392137878
692462743912467778
12308952625229846361
13856128404128974245
13967536992110609286
5566139515902105662
14108531619666892140
4476599668469315656
17264179940063403694
15990564829345057992
7357595928788646122
7991914088552320383
3935675383776160709
15138970037597336331
4366816988317275794
17435813612056393685
3888885699258588229
8863527107576021588
17226942450252127341
17939641867640263125
11356884296709115401
1495177348176344840
744962245387333822
6867082021350086424
7737365550331337831
12441352450677559409
9063160218941584048
17969378962842775982
18305931835305148820
3827012797123537813
6329334826347181646
17452118523302141109
12533321676728536683
6933787363248851670
12252581261734156916
10596363487932756917
10963494682352791713
3682677946777525135
4990248407549003727
8092832733654004631
8440842302945123691
4892614314905123356
8836562120530792352
6986184559321043439
8483921857640454289
13604140212257563890
10721090620756242986
17402159268964478188
1168476952931861729
5785678710493074907
7271045333541622478
17091126718344598372
11568043690387049046
7161470589753196921
5578011599958285224
9354980080924530870
6654635718611894208
14924713544066091508
4827653264417845708
3617480925177144451
4237504145117255655
1537984044332800554
6919914670874785654
15304944723314030540
10200412560302422864
206807907140596495
37713484658449152
16768025409793994583
267664919512105798
4288958528964604988
4028116180722643420
6933536701408233334
12884178977661739124
3060898983573624097
15375318629563208823
10504712335619700641
15153792356144407731
6703426815077535961
8837697393638812060
2253249960220546295
7587568955618102135
3251711494668169612
7015047609237955446
8375638994535839051
8849115110452221112
11794051487501537438
11625456293926064663
3478585714745747855
11585511619686085408
12895636129080814712
1783192083077269604
10916442065851458849
2778608270440492631
13917582283619710887
6376419318924625328
5860720498333625412
14613387590004259614
962092366360822681
13194684572531479311
14558287056408435803
8776558698172673614
10055640419689174578
4627920301802122452
16871525762061787659
16466858796474834061
16442497682344878827
1182735259883826648
5392936479260379588
9175217225089911555
6473046624245679641
7933998873008240535
9167020750127897389
14868274038652462495
9323187407377683066
1245464837614336861
11214123564263832784
10822842475582614602
4050169295882844476
5154121759831679454
16298335752290054000
15343152057529858461
3652381419734464788
4500967665017455664
954869942443653335
8336804247878860416
2463785086575278588
12951240510024032382
5527586230765942225
15263745638277886802
1315505690763293176
16218117341831020782
12603930306456702480
17920136627160947829
12735758930939696381
1786982123165974586
17985354224891503725
6527707266526854241
2786419201394938260
12565308443517739565
16311214108610029919
8520420890247974580
657867039837788421
16329449014232931020
10971166877214432408
5012086836632203967
11655002564973864791
16099530108919726388
13269907638408191612
14754605446830075242
15314640160998387238
30726641516479649
18429386421469149147
3024784113877085703
16541785505090075132
15810874604109131131
18375611515775418990
16249925391773375255
16981538695376994517
9793784772255599623
16455469032770997193
3682187724289972065
10895362745229093752
3154386988443612840
978282546139725395
12203766312248018656
11979364871411724752
8995459436256159154
8610631992969129577
923164065898065131
3398056840338092721
9812803653007191041
2845885272640688488
12079866572177481687
1550999372311267329
4522581417577685102
2102528897551355174
14438746797368046060
11857658262566425595
10045319291350002676
4136796207775352432
10472001181319837640
5640620322406560874
7394961945278620095
6150727910772070798
18421166958801366927
11140504595216379290
2385250517439020552
11427165859654004447
10439591106612692056
8267048459441603401
8955012363174875113
9749135956485799185
679311541001816596
7766758924892240832
13858241149647986188
16400368718190130292
11888795797433402469
6930236987534120928
8654088042112121522
5411178521684452011
3713529073236098124
12446218552494431114
2858854836704553017
11282539668665595419
6039776354155556015
2979296344118747546
13569853919907895671
10520896911558556379
13563393792365974082
2958222968864174431
18347919759345640563
36965936309950892
16812767546435301811
15878107697102196166
4750517630724114370
458151443520475050
3863702888913341133
10006426171829673696
5406623140669717056
14549606964433943903
17895740950755515612
2849425325239058760
4000288577727496863
17505602423564850269
7367283193579989136
9174356183177781228
458607111973202025
15207286713307990363
10245574106784415582
15552203920583596874
17729737704582735989
14336485378792397427
6270690560781441033
16844723397202647929
11324016104989228157
760197961310829492
17143905305086070864
4576656134978242016
11158217705936426332
12825697477246168464
1076013669747306037
4708232025977030104
8931524789620585916
1728493865990179619
15082476586151608305
345156096155364685
3332124584642127689
14747658534631914250
4092655722839529563
7520855553276354129
2222179558423254817
5370556826035120706
14881620236764466491
10891975123754950566
3538001357115597958
13396883495417785585
8111380166982544050
1369376953543818873
7473586141847581359
1324481984629759041
5299160982495616875
5666648096482577793
10827467312572726693
5259931676333927426
1079709220472576462
5471081821679906221
2706033973641990769
11790525946203092269
7177444365019835642
16677899815802595671
3632422511004387143
14766454441343090405
5941878821057102486
5655805147305732649
13590392212983314541
2635852784332349441
2236434383492908637
2117626802970679437
8935273571817979364
14504439938675126369
2562651436874177055
781105385820963729
2607764442199053957
6492587631306698247
14883084425269702010
7364362453582793910
12298681877675174052
854366103610812043
1349491639778861181
16633460242810277822
1233384383039283608
2836772968071880118
12917066029784915220
11557746047655529946
10132864555954329724
755696050442881035
13772497739025984318
11311495158171052852
705958354079217035
12937464460830309112
2064759986916023043
9650550939015148155
4089732168363865886
14075595796043431799
8661544494447679088
4073916446696383306
15426423143977685259
16433653483067537791
6270663751810379941
1770726155891857546
10287866389736911491
14540094808883062782
9818412584105798077
8179060939706799762
10182179930975092633
10963326966454024840
9938877511499830486
7200877733303091566
7391395897536697190
13333747115717628250
13065374104220836101
4392850328819610587
15463938236006762467
10626652489048196375
7059165996672997614
10291451202061704189
8085346625346450959
15258833850885428041
8347179261659103517
3924452949896937290
12328447702432794654
15576303295435247038
12425006119244631100
5642538905351082109
10032957125393511102
6743203138249775901
12417552888263484947
2107084488401255336
2411960585160021036
18236161385082209250
139921323762852432
14387861438928357641
18135608552740749830
17883038524821845642
2250599075592570981
1724963213096358670
4634061992346087288
2885209428873421099
3132426135240785713
13969659421901425852
2913201835429664961
11078805930547925798
6672804825005795745
5268325820037337604
825355741877489055
7367099548916997437
7246229048050943292
6310816467839089123
15764255209646520743
10848517740804929155
13320971333749376076
812238246390270087
10983707388262922870
5507945986512889172
3961458479921827972
12549934863943011681
6602460641848924658
3319504059598718942
13624066717693260208
18077203878843100903
3739527204120647090
3272301554488666242
8042723590884143140
13803439756995936111
4811944360545602348
6131673214544925314
4313103331811281984
239353659329148599
6084894954969722726
3910193248160632568
454733175311246085
10732024533613491963
13283441381382650264
2470634791604512739
8737591975432536525
9171520239620342077
4949659249040185786
6636882480392025349
7002406733576744442
5152763132273211006
13372911435215438261
6033645579694717927
8364276268883514749
13679990182822381655
4186003087890493749
16909904996363326369
3304306111347624964
10949514666195089161
7641136519132247514
4531558471190899912
2519923741336867110
10605998299344339651
952542968491607145
16255489397363859462
5774795438187180693
12714612508098741830
3945034753694844266
4469124291725647352
12362482536436910383
3521696634135164050
13388444590770608391
6480224037855203558
13049431317034798214
6779555968418480459
15698426771184617
10531467433843030204
17804257508700079507
7486129531937920708
13526058079517334738
8498909356449269443
11914738644202654877
11348604910075450294
17210008213054470414
16399729762421923348
3737051576642819904
13479368847534983429
13029471028107192309
7557692981898103849
4055318698748123853
16337247727613468396
8829504481788601667
219742975191953285
14265632615266488390
2173085964410318045
8814860905196203619
14572719954002259484
10993152123383192896
12640700516548693717
8356286521488766212
13859301280669820552
13578335745943245691
5464920893709401427
4688028836464562296
10682938956812722761
14934355961608698361
10231640946834448020
5635192292809476642
15680126641706466664
1688564070906849600
11656942486484713440
7530768193659073237
5527397676748962347
4668696107658084449
11218373033519186524
11940871820420699074
14617468147311532207
8812544025841758242
4925643145973760953
4145090607255000027
6478018320390807781
963529086951646976
2644058279045208950
6543144899113376937
12345421586859472920
15016854041924983410
4887881356722246423
11011464067283438895
12220929357579643199
14912938578270008013
15717082066609272106
1948423510823210489
2961528457973719090
3002421611001903400
13410808852621342927
8507257357756840466
1422985068077784406
11057474379808845200
14566460856610794449
6742544075883157256
17240077728496642310
5496705828700642827
5442495461153227531
687698802987427573
7418926488855597656
5361448594273269800
10908145811640073742
9567614949514953415
12420650419072606762
1469062836366503827
17731237494732144257
9015226219781878267
2865075311036652651
3708291701937819565
7739987854873004525
9272358997298883066
6185156711204741602
10079999009031425183
8347464387736083495
97109308372629121
7608938247691140061
2706705365252040868
15805926486308397688
9831035623934195859
3266430295515636791
16778777963235661364
9808012085008742937
14250618793890048526
15473097565860040842
13995421945219356235
1440442238863383335
2001573933081473257
11139819753713825863
16596954045202640035
17142256650077418490
9397819902096494765
18285948701291263741
8990938193891248561
4037988807894089437
5155120846251369242
9835436474249884983
695701478909584378
9093585366291259601
1981962765787491507
7326460617692892859
15323029532249767775
601532985021929654
16771494974716550255
10522957954222403366
4360414207395491822
7859535363452248709
13039675187926753966
3959506230727388270
11944088070862875228
9145179781373190646
4960158636398850109
8027931380605463932
6559393359044049410
2743132987868713897
10317422674413647931
4267983797188359454
10587859296133314595
248136011682872683
5221092785856982565
13291730853255268585
3808653665276128961
4479095044571415410
2267598662755387989
5480308251385951274
14738255274530034959
13472759782956915260
11032614738999811590
2706300720484016152
12827494219290198517
17139994692715013397
17584575047997335676
12622854160619059328
12837842652691728916
1564338625599065091
7369734237947534143
229165924613577760
8248860928813209710
11893741820491466171
16508249146714003007
12299075925361273562
3943691159945074266
12119925962336853881
12470839471374427033
16952893535336673
17721526002160840617
2516328909128584489
14953286956238987116
6222791629291659388
15539824917983772424
8707248543144299373
513917949487635447
9383564390537622396
1442554170091684936
12163487925221197469
16665764988733539661
9792530439284194256
9900297222105033025
18324325507777063864
1428958128206558296
5490372406109260186
5425556382084354742
7225423883670203051
16827573638355184645
6878103087437095779
16252930309910850006
9098296234186161881
6066042999207614091
14752816023402844737
13805415264327760123
11604819368246165130
4037422846056478719
4566239472033912998
5539971695761910043
2534728506582535422
1518316043340396990
12982825218226227404
2353732197504531558
13578898889819054374
15404392598317852664
10800023634429641477
4183997160016449511
14304370346596744653
10481822684316780502
18167949260491946873
11663804137778820411
17668106599623404760
11863664365524535632
4405776428582774889
3151563632694648053
2870029886857569593
13946698278868950089
978612835823996397
14487934313427989494
12772768351111379004
2231924536676323786
11239128247419155115
14802710768922964317
3902276910657199022
17846610908554364900
15264755332568987844
133378747774695490
5666341882860887391
570218199803800986
4411341441357899165
2660054935841658233
8391885768220426211
16621793805044749899
18231185615683787952
14756509840243652680
10813102571467991664
10940332306422938957
18194958054947003968
14455643469340533200
9916353623634250866
11541181531540905082
15914085485769043160
3951812854319065431
5062265117597467664
2707657196555421481
11396966346997923768
10997171186777331564
16397296719282689448
2690414783544286970
13526123207184616162
358965878818684856
1432041066316341495
8923774966580837499
8688285512141346185
17512906096827832645
17157031904914896944
5391054268688218421
12426866622933503755
5867930925885303151
10827400834089943561
1894068786633798624
14493003053154312781
6128891760126889869
14707109609061141667
6707252771472066440
13285071689626936786
1147124172670343597
15303732572721716649
15098311890031811153
8921654388818394423
3259961651219597018
15646459143751172274
1464584830977128268
16668186332289002379
13179459797526392253
646742260557779705
1848412781226963079
8261142469552210428
4199431230200581198
17011293913909420188
18059568831030188221
10590229266592650589
1008077810559625621
16937613060619804346
10125563607843636255
8708805125563479598
17602506160307770872
11005234754708625110
14375353336331242427
2685946074069162501
10018713650828746154
4816238990365279357
6371074853308374299
5319711595908834090
15761955350677026019
16223323927298507902
14150703796529395633
16234547886284577258
3606156424052507981
4414420375846391775
8235687041855220699
17133171873284284745
8828370775900828093
4193037216087462190
6064570177051509042
17532678726251567918
4940674103043291395
15380933854373849247
14530934803197355363
14631906607166169185
12365173547719700534
17011242277041350547
14062750586846373126
8985797043974947935
7285738943394007713
16851075603140445309
11042435575495426848
13527817487496915798
12173349882606915314
10295658800307950776
16579226658778250655
1928904058186945798
6102870776594939944
15050098167013347783
735673316472314438
7321984978624651056
2695152516995574122
14498066162647351803
15200754596553386235
7020665842821210179
15931902462722730145
3044437354180950555